51 52 55 58 60 61 62 61
64 65 67 70 72 74 77 77
2 4 6 9 11 14 18
79 81 82 84 86 88 91 97
81 83 84 81 83
4 6 9 10 7 8 9 6
65 68 66 69 69
80 82 79 81 84 85 88 92
42 43 41 42 49
2 4 7 8 11 14 14 15
46 48 49 49 47
28 30 31 34 34 37 37
26 29 31 34 37 39 39 43
62 63 66 66 72
82 84 88 91 92 93 95 97
90 91 95 98 95
57 60 63 67 70 70
4 5 6 8 12 16
64 67 70 71 73 77 79 85
36 37 40 41 43 46 51 52
4 5 6 9 14 15 17 16
57 59 60 67 70 71 71
59 61 64 67 70 77 81
38 39 46 47 52
86 85 86 89 92 94 97
60 57 58 59 60 62 60
45 42 43 45 46 48 49 49
91 90 91 94 98
13 11 12 13 16 19 26